# column1: time [BJD; arbitrary zero point] \\
# column2: radial velocity [km/s]\\
# column3: radial velocity uncertainty [km/s] \\
# column4: FWHM of the CCF [km/s] \\
# column5: FWHM of the CCF uncertainty [km/s] \\
# column6: bisector span of the CCF [km/s] \\
# column7: bisector span of the CCF uncertainty [km/s] \\
# column8: instrument name
0,-0.00360369,0.00364,5.181,0.0023,0.134,0.0037,INST1
724.020426,-0.01022369,0.0015,5.1413,0.001,0.1376,0.0016,INST1
725.939848,-0.01924369,0.00178,5.1539,0.0012,0.1365,0.0019,INST1
776.918037,-0.01449369,0.00172,5.1498,0.0011,0.1421,0.0018,INST1
842.758902,-0.01390369,0.00205,5.1542,0.0013,0.1332,0.0021,INST1
843.74058,-0.01452369,0.00185,5.1448,0.0012,0.1485,0.0019,INST1
1032.114146,-0.02146369,0.00348,5.1302,0.0024,0.1358,0.0035,INST1
1444.95246,-0.01484369,0.00352,5.1502,0.0024,0.1401,0.0036,INST1
1445.960738,-0.02321369,0.00226,5.133,0.0015,0.1307,0.0023,INST1
1448.946503,-0.01904369,0.00184,5.1301,0.0012,0.1306,0.0019,INST1
1450.883305,-0.01082369,0.0021,5.1356,0.0014,0.1346,0.0022,INST1
1475.947206,-0.01617369,0.00152,5.1268,0.001,0.1462,0.0016,INST1
1478.910058,-0.02395369,0.00216,5.1296,0.0014,0.1384,0.0022,INST1
1481.906666,-0.01568369,0.00146,5.1114,0.0009,0.1394,0.0015,INST1
1485.889284,-0.01502369,0.00167,5.1302,0.0011,0.1324,0.0017,INST1
1493.776726,-0.00817369,0.00162,5.162,0.0011,0.1398,0.0017,INST1
1506.859893,-0.01535369,0.00241,5.129,0.0016,0.1339,0.0025,INST1
1536.754692,-0.01462369,0.00204,5.1456,0.0014,0.1358,0.0021,INST1
1541.786056,-0.01716369,0.002,5.1273,0.0013,0.1351,0.0021,INST1
1730.149981,-0.01454369,0.00183,5.1393,0.0012,0.1328,0.0019,INST1
1775.047411,-0.01449369,0.00157,5.1576,0.001,0.1299,0.0016,INST1
1777.088007,0.00189631,0.00238,5.1857,0.0016,0.1333,0.0025,INST1
1787.980095,-0.00793369,0.00641,5.1068,0.0039,0.1459,0.0065,INST1
1819.98339,-0.01441369,0.00101,5.1722,0.0007,0.143,0.0011,INST1
1868.98108,-0.01127369,0.00275,5.1374,0.0018,0.1273,0.0028,INST1
1926.760278,-0.01548369,0.00175,5.1556,0.0011,0.1337,0.0018,INST1
2146.082848,-0.01547369,0.00158,5.1311,0.001,0.1329,0.0017,INST1
2147.081805,-0.01134369,0.00243,5.1266,0.0016,0.132,0.0025,INST1
2160.978971,-0.01324369,0.00225,5.1231,0.0015,0.1327,0.0023,INST1
2162.97881,-0.01971369,0.00318,5.1294,0.0022,0.1451,0.0033,INST1
2272.856552,-0.02023369,0.00276,5.1316,0.0019,0.13,0.0028,INST1
2273.818975,-0.01741369,0.00167,5.1382,0.0011,0.1285,0.0017,INST1
2316.710023,-0.00856369,0.00175,5.1745,0.0011,0.1238,0.0018,INST1
2443.14919,-0.01137369,0.00199,5.2557,0.0013,0.1354,0.0021,INST1
2453.1556,-0.01650369,0.00539,5.1705,0.0031,0.1578,0.0055,INST1
2458.11418,-0.00899369,0.00905,5.2166,0.005,0.1684,0.0091,INST1
2468.139635,-0.01157369,0.00175,5.1635,0.0011,0.1373,0.0018,INST1
2480.031797,-0.00440369,0.0028,5.1575,0.0018,0.1325,0.0029,INST1
2490.07502,-0.01050369,0.00182,5.1445,0.0011,0.1383,0.0019,INST1
2502.032779,-0.01229369,0.00263,5.1437,0.0017,0.1491,0.0027,INST1
2507.115485,-0.01443369,0.00234,5.1386,0.0015,0.1355,0.0024,INST1
2512.013449,-0.01789369,0.00179,5.1341,0.0011,0.1306,0.0019,INST1
2520.011917,-0.01173369,0.00248,5.1516,0.0016,0.1483,0.0025,INST1
5471.805627,0.01919631,0.00027,5.493,0.0006,0.1593,0.0006,INST2
5476.91644,0.02066631,0.00019,5.5031,0.0004,0.1564,0.0004,INST2
5479.956295,0.02265631,0.00019,5.5066,0.0004,0.1565,0.0004,INST2
5499.95151,0.01991631,0.0002,5.501,0.0004,0.1583,0.0004,INST2
5777.04942,0.01654631,0.00021,5.5223,0.0005,0.1494,0.0005,INST3
5781.061341,0.01579631,0.00022,5.5334,0.0005,0.1557,0.0005,INST3
5787.049801,0.01244631,0.00018,5.5225,0.0004,0.1541,0.0004,INST3
5793.051793,0.01672631,0.0002,5.5188,0.0004,0.1536,0.0004,INST3
5796.919989,0.01290631,0.0002,5.5194,0.0004,0.1549,0.0004,INST3
5810.006836,0.01688631,0.00017,5.5143,0.0004,0.1494,0.0004,INST3
5828.883388,0.01855631,0.00017,5.5278,0.0004,0.1559,0.0004,INST3
5831.887313,0.01318631,0.00022,5.5202,0.0005,0.1547,0.0005,INST3
5832.984331,0.01420631,0.00018,5.5182,0.0004,0.1536,0.0004,INST3
5847.94351,0.01531631,0.00018,5.5183,0.0004,0.1491,0.0004,INST3
5869.789773,0.01766631,0.00019,5.5142,0.0004,0.1557,0.0004,INST3
5901.802308,0.01741631,0.00022,5.5123,0.0005,0.1533,0.0005,INST3
5934.825548,0.01419631,0.00023,5.516,0.0005,0.1519,0.0005,INST3
5959.790154,0.01193631,0.00019,5.4957,0.0004,0.1491,0.0004,INST3
5966.722434,0.01841631,0.00019,5.5129,0.0004,0.151,0.0004,INST3
5981.715299,0.00933631,0.00029,5.4767,0.0006,0.1485,0.0006,INST3
6262.810971,0.01362631,0.00023,5.4646,0.0005,0.1531,0.0005,INST4
6263.798023,0.00994631,0.00025,5.4622,0.0005,0.1547,0.0005,INST4
6264.782711,0.00828631,0.0002,5.4633,0.0004,0.1508,0.0004,INST4
6265.860431,0.01007631,0.00018,5.4607,0.0004,0.1522,0.0004,INST4
6266.820976,0.01154631,0.00021,5.4649,0.0005,0.1484,0.0005,INST4
6267.831427,0.01208631,0.00022,5.4586,0.0005,0.1498,0.0005,INST4
6268.765408,0.01078631,0.00017,5.461,0.0004,0.1499,0.0004,INST4
6269.787294,0.00811631,0.00035,5.4615,0.0007,0.1515,0.0007,INST4
6270.791827,0.01097631,0.00018,5.4677,0.0004,0.1488,0.0004,INST4
6271.844175,0.01453631,0.00019,5.4707,0.0004,0.1501,0.0004,INST4
6272.811729,0.01585631,0.00018,5.4753,0.0004,0.15,0.0004,INST4
6273.913912,0.01326631,0.00022,5.4781,0.0005,0.1508,0.0005,INST4
6288.772578,0.01521631,0.00021,5.4967,0.0005,0.156,0.0005,INST4
6291.819204,0.01506631,0.00025,5.4868,0.0005,0.1584,0.0005,INST4
6323.752701,0.01931631,0.00029,5.5066,0.0006,0.1551,0.0006,INST4
6337.726095,0.01325631,0.00026,5.4739,0.0006,0.1507,0.0006,INST4
6338.739379,0.01484631,0.00023,5.4744,0.0005,0.1497,0.0005,INST4
6339.749788,0.01381631,0.00028,5.4737,0.0006,0.1498,0.0006,INST4
6340.752726,0.01152631,0.00021,5.4792,0.0005,0.1505,0.0005,INST4
6352.705339,0.01607631,0.00026,5.4832,0.0006,0.1507,0.0006,INST4
6366.675961,0.01126631,0.00023,5.4753,0.0005,0.155,0.0005,INST4